$ANSIBLE_VAULT;1.1;AES256
38333433326464356462393031666334623063323136386364373938333037666431336539623033
6230663635333166393238326661626434626362396666390a373566366631316662326138383466
62373837396636353435376532643232373933646434393938323866366338393663636137383361
6264646237396261630a366633383861633533356462356465316336363839333931623734616261
61373631306439393661653437343732356461356366623561373266393538306631313532306537
65303265323633636262386631616265336534663765386263633065633361636461623665633332
37653866643566613664323738346434373739363033326430306238306634343761376230326364
66653838386161363035363463356162303366316232313261383864336163653734663261376630
32346534313964626663383934363133373866303738656661643636373264663030653166666335
33333762663530356330303639386332366133323339616339386437363761316265383261363361
39326334373830626131363263313163313335346531633864323437363263623434616535633037
30363366386538323831346232656664333533663035363232343037373762633031376163323635
61363137323134663333356431623937623362626335356563626665653935666437623834313562
63663964636135396663656334636538333235313534366530306662656437616464326234336239
62653831323139613632303161333235306633616630323331313863313730393538383735313962
31613361616231386335366336393135333237386165313161373366333931633633653934303966
33393538396236613266386532353534376338323035386237646232626632303965363033636462
35666361363233653035613030353434656162636636383962636131373031343565373338353331
38653762393466343330646666353931643861383539376262383732393539646462313134373464
39633138653132636461333833653365323066623165363164326464626361306462636132346363
63383062303936376331353266643963653636386364316534336539656130366634646561383533
33373639396332623130666537393864393631383532656535356130333338353930663165643835
62383233653934336230613335623561336433343965393732393666383432656638633966353136
64636366326139396139326263333365616231616565386235396435313064363834393962656566
6566
