$ANSIBLE_VAULT;1.1;AES256
38383764616465643031323862656232643638653139393964356436353966393138663666653633
3538646237613232353935363232356634646635646436650a323837363633353661343261646331
66356534343634393665366166623065666132316130396361643233333466653464393633613636
3363393263643761390a353264623065646433316262393833376362353436643261363934666235
62303265326532333133646263326365346462346465346633393230373930393436323336613765
30393564323031303135626563333461373566633338343463373839643466353163373937613738
31643433316437333436646634616632313938353961326461386131646131376237343861663736
63326138373365383634323233303833303432656261306231656135373861626338643939303232
64376164313239663932393639313933636361333036303161366333616430363562346463633161
65636539376539663263353039623666333463333434643061656138313330313334326163323065
34643339303333323665333838306535376537636132663834663065306566613133666239373635
31666132613738383431386531376531393637633863303265623965306139393566353261323562
35613835623335326432346465663331353166636339306362366235333339656235383435346232
63393435306265376266656665356334376266323364363031323164356233633664386161313566
63323632336432643664643266373939323735313864383166346165386433376462336335366631
65333562343533396134326365613936633663653835636334653232363238393938316661343533
38363062363338616130326661363836633239616464353333613465343833643030366463333265
34363233623330663936636332646534666164303761616265383262393362333933373264613236
31323063633937343866623937353135313435393532386136306437633033643132363264663434
36386664346431376437336339366334623664633465613931386164333062613066386233633032
34333265623330646338346437643432393331653032643338386235613138326137376231313031
62363761373362313037393862313466633538303531646339313338663866653834346636653433
31393239666530346437613937386635393561386661623432353430623639313636313237633138
37396562613437396336666133373765613763363339303831373162316231393334373066316431
65643237346230653830663031623661343339353439343736633761636232376637613834663336
39643639393937633066666539366535313662366466613035323835333265323863353132393539
35363965346230313935366634303763366631363362613762323030363637376662316333663331
33653534653061386338376633346531306131313164303838346364333036396664333763336237
35663063363235313533373764393437383663653035373730636532353335373239343137333036
65336539653831646234653261653866623064613332656561623339613862313864353563656638
33303738373561663439633662663238613532383035633137336130633239383962363062663165
66346661393235616661343536363136636235313165313964616535633062303732653739313333
37313931303832343734313133353934373234633732666630663235616539316363366532666231
33323766633066626239353463653538333566663538373237653462386333643263623163326335
35396664653939343163343434656133336238313335353164373365636331383065323162383461
36333433663463636262313035663432313131643161316536393066396461656538323662666630
36666632353930363639376462636533643536306566636437653265346530666162613163656635
66626339353638366332663263353063306266393333393835633638393438333839646331646437
38373439613337316464383163613038366130343663343936646331646233396135616264373839
64393934383961353362653462356561396535306231343234623964633166646639616136643666
63643931313363643339343133616136623237633330666533666539636561323961343661623133
65613536616630656633326361643763656662313839643034306633393663383165316138656465
64333735346237363132313738386534363235386338663366396435373166616566633938373232
33636666376433643664323337666530393634653837313235333639373736656563366138343262
66303063333438646339626563316165306239313466623034343961666137313038336132363063
61623564633430336531633965366431623432376661356131366336343564333135663931666666
32363238323062373565346164316132393662373137343466393634383831656433386563366130
30613861373332333232386135363036646532336566666461333031633435383062353866316635
62363434626431303330393933653562343430663265303064306335373765613838383861366561
30626136646361306433333432353262633531393262376437663539666664333862373265313062
34326161643136363534393865643161306533663063656137646238383738356366633132623334
62316266633430316532333139653438656431303632653261333361643739326563666634653339
62336363353463303164323261393139333439613835366662666162663535633166663236663466
64336634633537633762313232316633313832616334623863323039353032623034343066313432
38373936636330323334653532356136323830393136663263313265666438393631323136633762
66636631303533396439666439343433373562333630656466306136636438333933663162666666
35666264316438663636643936353266303736663638633039353766653132623963396331663531
35326330626632346336623938336336353238306264613632633930323638646135636264323061
32343230343138336263613734356437333565346431643565316434626561366634383133313863
66666563303732623730356236303461383634326563306635326630383664663866336561623338
34386663633661393061376263343934383238346435363034643231356666613261616334353633
64633064336539663738386536363735366461346566343532363063636263653334393763633839
37336231363065646333626161623631326363633864376536663063376163313261336237373133
62356462663265393061326561393266626435346634666439633935323665633762396535306566
30383330643663363565643931386663396433373135653431396665636336633564323762643863
66656333386235386634616436633731396261323533613031376539333437656430393534313333
32393063653662663962373766376561616538336161316535343837343738373931633030376238
65653965633862323431626639336634656133343666336431316265356135633534343238663930
64636235636438646236663763336439353963313363633834623839643764643839623634383165
37333465643636326466613438643332333733613934653535373239616662373838626233313261
65643964383938326465646531396136666365663835373036323661646161376534323835663532
37306630316530616362643465383961373839373538373632333032393637366662623663323562
62653336343032323637333963336264383438383064393637353435366538303637323964363036
36333738663537623530633231393733386536613663373561343066663466396566363930303335
31623235313130663863626437343233303537303432376635303064646362326133623334636465
31346163303539336164396465353230346639653962376432666634363130396361383161303232
63616634613565323266326530353163646638663531393138313862626566373136653833313166
37336330336437393138623361353235383262643837356164356333633964303237353830333461
33626261386334356230336561323830323438613361343566313530383634666664643137633937
33613432383761633830336439643837333262393339323335646461643734313663393730303830
36646230616466646465353631393961663933373264323438646236643866366332343361303634
39663038306338623063373062353063653466333364366139656534633039313462363836313138
35613038366465623930363538336566313263386134353135613336373030663931323235376363
37653133346339366233303935306562333663633137373764316161616362326235666231353664
30323966633437353266313434373934663730666662303765616435643834393063316238316532
65616631633661623730326232373230303931336336343065613565656264383436373230363864
38343334663438613035313661613636373135356638666161373738653362363362323961313065
38363966393536326137643163303533646436646365363237373836376635666662663130386630
61356463646335313464643537353039373933656132626437393034326535653332643536373636
30363939396632336236353830663966663063666362383763373534313338386433653562373538
36333031626361383438363931333662346634343138653736626135626637303331393761383839
31633839613662396564363565656434613533656539666136323239356531636262383364343034
31353235663234336236343030326565386435313961643430633936316437313938623937393234
38363030306433646433393562323265326164386165666364346264613864373535646532383664
65653564373438666234333766646235323066336637613831316138373833613662353762323238
38366632646132656464383266316435316332393238356237653966306434636632373535343430
38633462353831623338383830633166326564363033356535323630653432663438333937323261
39393037616263353532623361313231333436386533666466326431343133623538326534316666
66383362636366323332623930333737373266633863363931333837353236383333626438323236
63356236303934633730396362313564643930663334323761366665393266663735373734653462
64363234383131373136373335326561306265353063653562336431666535653063656264343234
61373665663037306237616463633766636462323338343963343537383261383735616430326536
32333139316366306236653362336436383135663862613638316336666664336139666536656337
61383830343163383464333431643733656263663732653831646432646234646233343930653830
64616233386130646562336563313566336564336362623264336566383931646134653266656563
35343366343666393035393464643133393934653964356266643331333265343535656137393039
65353166623063663164636431643665633134363135653039633430386435333538643761393238
30333030333033633138383536663131663632386330383632303532303834336336626536663865
35353139333339383035386664643037343237626235373532363965383466363531353033646636
31366361646565366563643538323836666161383634383164303166366563653039303466633830
36356666363366356466373831363366323330646666343863383864313562346336646262396530
36356538323335393761363639323764373239313066383934646438633838623230363862333363
62323665616136653031336137353734663430383036633630356431343766343835306437313235
62636634363230313031393232313262316663653236356466626339643534633837306434333531
31653861623834333230663465623432643231303666643234643363303564613565323337636630
30346466303733626665336537363837356464336331363833646638373032333862643564613661
62663236373032313634386561643739633562643432623663323364316264333732346238333861
37323864383035313630383334653235346136376537323837663962353261373465386364356566
38656231633432636436316531363736666435313830653833646334623230626538643330373161
30353437303236336635633338366134393735376131636161353835333966643838653163626431
64356362393661393835306133666530363237623531663338366433656463623438613233653835
32666132643739313434323439663263363862383835626665323962386364373937646232346538
65643839623936613564326564643634396436336164316265623964643764616431306663343031
30643162393962316531343734396630343636393236366661333966666533663465313264656233
61336338666232376633396264623233363733656165653563373331613537306365373037623131
64376139333335646638303533363133633764386465343862616337363163326436383962303265
62653231343130303439663136616562633832616532616133396135306264666564353036666633
64353565383136306335636365353864333735376661333739363130313831663564323061633936
32386164316433376266356664613163366232663064383465643630303266383562393739363763
34656233373037313136313737646533386365633331333237323761653433343238393462316633
34316637393937383761626363616464633830663535393835613235326532316363396138316436
35613430306166633462383565316662303632323637346633303639613035323261323463366431
36653938386233363461656232373932326436313832383738393333313161633664
